Time,XKTV_C,XKTV_TVS,XKTV_TVD
 120024471, 1, 3.333933E-05, 3.333923E-05
 120044463, 0, 3.391322E-05, 3.391312E-05
 120531768, 1, 3.508963E-05, 3.508953E-05
 120556758, 0, 3.572606E-05, 3.572596E-05
 121039065, 1, 3.779591E-05, 3.779582E-05
 121069053, 0, 3.860961E-05, 3.860951E-05
 121541364, 1, 4.232501E-05, 4.232492E-05
 121578849, 0, 4.331517E-05, 4.331507E-05
 122046995, 1, 4.724366E-05, 4.724358E-05
 122079482, 0, 4.827382E-05, 4.827373E-05
 122549294, 1, 5.257821E-05, 5.257813E-05
 122591777, 0, 5.381535E-05, 5.381528E-05
 123051593, 1, 5.823669E-05, 5.823664E-05
 123104072, 0, 5.963438E-05, 5.963433E-05
 123563888, 1, 6.426595E-05, 6.426594E-05
 123613868, 0, 6.581238E-05, 6.581236E-05
 124072018, 1, 7.065731E-05, 7.065733E-05
 124114501, 0, 7.216224E-05, 7.216226E-05
 124584313, 1, 7.723342E-05, 7.723351E-05
 124626796, 0, 7.884384E-05, 7.884394E-05
 125086612, 1, 8.380708E-05, 8.380724E-05
 125139091, 0, 8.57036E-05, 8.570374E-05
 125588911, 1, 9.047204E-05, 9.047228E-05
 125648887, 0, 9.218221E-05, 9.218245E-05
 126099540, 1, 9.58965E-05, 9.589671E-05
 126159516, 0, 9.795986E-05, 9.795981E-05
 126609336, 1, 9.969849E-05, 9.969871E-05
 126669312, 0, 0.0001017377, 0.0001017381
 127114134, 1, 0.0001122176, 0.0001122193
 127181607, 0, 0.000113566, 0.0001135681
 127623930, 1, 0.0001112166, 0.0001112189
 127691403, 0, 0.0001127763, 0.0001127787
 128127062, 1, 0.0001073917, 0.0001073936
 128192036, 0, 0.0001090503, 0.0001090522
 128631860, 1, 9.667539E-05, 9.667675E-05
 128704331, 0, 9.817814E-05, 9.817941E-05
 129134159, 1, 9.118636E-05, 9.11876E-05
 129216626, 0, 8.825577E-05, 8.825699E-05
 129636458, 1, 8.3746E-05, 8.374653E-05
 129726422, 0, 8.541558E-05, 8.54161E-05
 130146254, 1, 8.273575E-05, 8.273626E-05
 130237051, 0, 8.169853E-05, 8.169897E-05
 130656883, 1, 8.109229E-05, 8.109283E-05
 130746847, 0, 8.28E-05, 8.280052E-05
 131169178, 1, 8.309448E-05, 8.30948E-05
 131259142, 0, 8.315672E-05, 8.315699E-05
 131671477, 1, 8.411369E-05, 8.411377E-05
 131768938, 0, 8.630378E-05, 8.630387E-05
 132173776, 1, 8.737341E-05, 8.737358E-05
 132282066, 0, 8.815111E-05, 8.815132E-05
 132679407, 1, 8.933353E-05, 8.933383E-05
 132794361, 0, 9.198183E-05, 9.19822E-05
 133181706, 1, 9.302035E-05, 9.302084E-05
 133306656, 0, 9.40774E-05, 9.407794E-05
 133686504, 1, 9.489912E-05, 9.489981E-05
 133816452, 0, 9.579978E-05, 9.580044E-05
 134196300, 1, 9.829547E-05, 9.829627E-05
 134328747, 0, 9.924333E-05, 9.924411E-05
 134701931, 1, 9.919679E-05, 9.91978E-05
 134836877, 0, 9.990103E-05, 9.990231E-05
 135204230, 1, 9.945105E-05, 9.945244E-05
 135349172, 0, 0.0001025459, 0.0001025474
 135706529, 1, 0.0001017245, 0.0001017263
 135858968, 0, 0.000102019, 0.0001020207
 136208828, 1, 0.0001004991, 0.0001005007
 136371263, 0, 0.0001037392, 0.0001037409
 136714459, 1, 0.0001019185, 0.0001019199
 136884391, 0, 0.000102028, 0.0001020291
 137219257, 1, 9.989672E-05, 9.989782E-05
 137396686, 0, 0.0001032408, 0.000103242
 137729053, 1, 0.0001008443, 0.0001008454
 137908981, 0, 0.0001008731, 0.000100874
 138231352, 1, 9.824848E-05, 9.824936E-05
 138418777, 0, 9.832702E-05, 9.832791E-05
 138736983, 1, 9.88217E-05, 9.882258E-05
 138926907, 0, 9.889721E-05, 9.889806E-05
 139239282, 1, 9.603329E-05, 9.603406E-05
 139439202, 0, 9.621208E-05, 9.621295E-05
 139741581, 1, 9.641862E-05, 9.641939E-05
 139951497, 0, 9.671418E-05, 9.671484E-05
 140248878, 1, 9.393716E-05, 9.393781E-05
 140461293, 0, 9.41592E-05, 9.415978E-05
 140749511, 1, 9.437761E-05, 9.43781E-05
 140974421, 0, 9.476046E-05, 9.4761E-05
 141261806, 1, 9.185633E-05, 9.185687E-05
 141486716, 0, 9.235155E-05, 9.235199E-05
 141764105, 1, 9.226994E-05, 9.227055E-05
 141999011, 0, 9.298793E-05, 9.29886E-05
 142266404, 1, 8.991294E-05, 8.991343E-05
 142508807, 0, 9.077205E-05, 9.077235E-05
 142772035, 1, 9.053256E-05, 9.053283E-05
 143016937, 0, 8.871066E-05, 8.871091E-05
 143274334, 1, 8.827673E-05, 8.827699E-05
 143529232, 0, 8.945013E-05, 8.945043E-05
 143779132, 1, 8.896471E-05, 8.896509E-05
 144041527, 0, 8.772557E-05, 8.772596E-05
 144288928, 1, 8.724264E-05, 8.724298E-05
 144551323, 0, 8.881285E-05, 8.881318E-05
 144789561, 1, 8.834713E-05, 8.834752E-05
 145064451, 0, 8.782366E-05, 8.782413E-05
 145296858, 1, 8.735595E-05, 8.735646E-05
 145576746, 0, 8.927957E-05, 8.92803E-05
 145799157, 1, 8.867565E-05, 8.867622E-05
 146089041, 0, 8.854971E-05, 8.855024E-05
 146301456, 1, 8.785136E-05, 8.785188E-05
 146598837, 0, 9.008066E-05, 9.008119E-05
 146808753, 1, 8.717708E-05, 8.71775E-05
 147106967, 0, 8.94437E-05, 8.944413E-05
 147309386, 1, 8.867848E-05, 8.867886E-05
 147619262, 0, 8.88514E-05, 8.885179E-05
 147821681, 1, 8.856336E-05, 8.856411E-05
 148131557, 0, 0.0001051758, 0.0001052279
 148323980, 1, 0.0001217253, 0.0001218467
 148641353, 0, 0.000154891, 0.000155166
 148826279, 1, 0.0001743071, 0.0001746932
 149154481, 0, 0.0002217922, 0.0002224591
 149331910, 1, 0.0002370961, 0.0002379238
 149666776, 0, 0.0002462467, 0.0002474278
 149834209, 1, 0.000240628, 0.000241991
 150179071, 0, 0.0002511233, 0.0002529693
 150341506, 1, 0.0002201071, 0.0002220353
 150688867, 0, 0.0001654989, 0.0001673901
 150848803, 1, 0.0001453694, 0.0001471661
 151199496, 0, 0.0001336909, 0.0001354589
 151354434, 1, 0.0001235909, 0.0001252896
 151709292, 0, 0.0001117153, 0.000113311
 151856733, 1, 0.0001062201, 0.0001077308
 152221587, 0, 9.940293E-05, 0.0001007335
 152359032, 1, 9.864239E-05, 9.991667E-05
 152731383, 0, 9.41153E-05, 9.518039E-05
 152861331, 1, 9.249744E-05, 9.355478E-05
 153232016, 0, 9.377942E-05, 9.493046E-05
 153366962, 1, 9.446529E-05, 9.563631E-05
 153744311, 0, 9.452737E-05, 9.570651E-05
 153869261, 1, 9.287394E-05, 9.403124E-05
 154256606, 0, 9.223981E-05, 9.337404E-05
 154381556, 1, 9.270937E-05, 9.384952E-05
 154766402, 0, 9.188656E-05, 9.299532E-05
 154883855, 1, 8.976118E-05, 9.083711E-05
 155277031, 0, 8.925138E-05, 9.031445E-05
 155389486, 1, 8.941148E-05, 9.047025E-05
 155786827, 0, 8.949218E-05, 9.056608E-05
 155891785, 1, 8.7602E-05, 8.865513E-05
 156299122, 0, 8.791316E-05, 8.897308E-05
 156394084, 1, 8.816605E-05, 8.923138E-05
 156808918, 0, 8.666384E-05, 8.769934E-05
 156901381, 1, 8.682592E-05, 8.786026E-05
 157309551, 0, 8.754903E-05, 8.858787E-05
 157402014, 1, 8.772628E-05, 8.876612E-05
 157821846, 0, 8.681432E-05, 8.782248E-05
 157914309, 1, 8.69735E-05, 8.798663E-05
 158334141, 0, 8.838921E-05, 8.941835E-05
 158416608, 1, 8.674283E-05, 8.774718E-05
 158843937, 0, 8.832067E-05, 8.93416E-05
 158918907, 1, 8.821652E-05, 8.923458E-05
 159354566, 0, 8.982942E-05, 9.086078E-05
 159427037, 1, 8.816124E-05, 8.916712E-05
 159864362, 0, 8.945756E-05, 9.045936E-05
 159939332, 1, 8.939158E-05, 9.039451E-05
 160376657, 0, 9.154931E-05, 9.259471E-05
 160441631, 1, 8.97428E-05, 9.075959E-05
 160886453, 0, 9.143473E-05, 9.247074E-05
 160953926, 1, 9.129012E-05, 9.232485E-05
 161398748, 0, 9.256752E-05, 9.359975E-05
 161454559, 1, 9.061326E-05, 9.161772E-05
 161899381, 0, 9.168901E-05, 9.268819E-05
 161961856, 1, 9.155689E-05, 9.255592E-05
 162411676, 0, 9.114073E-05, 9.21254E-05
 162464155, 1, 9.083256E-05, 9.181368E-05
 162923971, 0, 9.22537E-05, 9.324602E-05
 162966454, 1, 9.179857E-05, 9.278428E-05
 163433767, 0, 9.125498E-05, 9.222085E-05
 163473751, 1, 9.088901E-05, 9.185079E-05
 163941897, 0, 9.203445E-05, 9.299773E-05
 163974384, 1, 9.157281E-05, 9.252952E-05
 164454192, 0, 9.111011E-05, 9.205463E-05
 164486679, 1, 9.060855E-05, 9.154663E-05
 164966487, 0, 9.228313E-05, 9.324482E-05
 164988978, 1, 9.162685E-05, 9.257896E-05
 165476283, 0, 9.139567E-05, 9.234584E-05
 165491277, 1, 9.080478E-05, 9.174933E-05
 165989411, 0, 9.280044E-05, 9.378077E-05
 165996908, 1, 9.213767E-05, 9.311081E-05
 166499207, 1, 9.113762E-05, 9.209883E-05
 166501706, 0, 9.19155E-05, 9.288589E-05
 167004005, 1, 9.004496E-05, 9.098789E-05
 167014001, 0, 9.080877E-05, 9.176056E-05
 167513801, 1, 9.049501E-05, 9.143166E-05
 167523797, 0, 9.139107E-05, 9.233871E-05
 168019432, 1, 8.896197E-05, 8.98617E-05
 168031927, 0, 8.984082E-05, 9.074951E-05
 168521731, 1, 8.166521E-05, 8.221148E-05
 168544222, 0, 8.216901E-05, 8.27031E-05
 169024030, 1, 7.295543E-05, 7.314562E-05
 169056517, 0, 7.344616E-05, 7.361863E-05
 169526329, 1, 6.99044E-05, 6.994552E-05
 169566313, 0, 7.143496E-05, 7.150262E-05
 170031960, 1, 8.60199E-05, 8.699622E-05
 170079441, 0, 9.049389E-05, 9.165708E-05
 170534259, 1, 0.0001188535, 0.0001219851
 170591736, 0, 0.0001236051, 0.0001270029
 171046554, 1, 0.0001170771, 0.0001215478
 171104031, 0, 0.0001200878, 0.000124715
 171548853, 1, 0.0001043754, 0.000108809
 171613827, 0, 9.909182E-05, 0.0001034163
 172054484, 1, 8.302467E-05, 8.733919E-05
 172121957, 0, 8.389884E-05, 8.833867E-05
 172556783, 1, 7.301911E-05, 7.75697E-05
 172634252, 0, 6.967937E-05, 7.413801E-05
 173059082, 1, 6.244433E-05, 6.689322E-05
 173146547, 0, 6.340758E-05, 6.799906E-05
 173563880, 1, 5.708228E-05, 6.125103E-05
 173656343, 0, 5.453345E-05, 5.847721E-05
 174067012, 1, 5.09267E-05, 5.461398E-05
 174169471, 0, 5.224246E-05, 5.606789E-05
 174579307, 1, 4.999282E-05, 5.352089E-05
 174681766, 0, 4.895001E-05, 5.233744E-05
 175081606, 1, 4.721349E-05, 5.049159E-05
 175194061, 0, 4.83052E-05, 5.173015E-05
 175583905, 1, 4.608705E-05, 4.929568E-05
 175703857, 0, 4.543489E-05, 4.854748E-05
 176092035, 1, 4.503533E-05, 4.811579E-05
 176214486, 0, 4.510283E-05, 4.817827E-05
 176604330, 1, 4.560519E-05, 4.872335E-05
 176724282, 0, 4.718833E-05, 5.045854E-05
 177106629, 1, 4.793649E-05, 5.128103E-05
 177236577, 0, 4.842968E-05, 5.181561E-05
 177618924, 1, 4.919836E-05, 5.269137E-05
 177746373, 0, 5.069917E-05, 5.435729E-05
 178119557, 1, 5.153609E-05, 5.528434E-05
 178247006, 0, 5.203672E-05, 5.581296E-05
 178626854, 1, 5.285876E-05, 5.666135E-05
 178759301, 0, 5.464053E-05, 5.862387E-05
 179129153, 1, 5.553139E-05, 5.953728E-05
 179271596, 0, 5.62984E-05, 6.03394E-05
 179631452, 1, 5.708779E-05, 6.114784E-05
 179781392, 0, 5.898892E-05, 6.323658E-05
 180136250, 1, 5.948102E-05, 6.372695E-05
 180292021, 0, 6.032354E-05, 6.460131E-05
 180639382, 1, 6.04823E-05, 6.470102E-05
 180801817, 0, 6.278524E-05, 6.723528E-05
 181151677, 1, 6.309412E-05, 6.751682E-05
 181314112, 0, 6.408568E-05, 6.85514E-05
 181653976, 1, 6.402815E-05, 6.841582E-05
 181823908, 0, 6.484186E-05, 6.924187E-05
 182156275, 1, 6.598233E-05, 7.047956E-05
 182324541, 0, 6.675666E-05, 7.127132E-05
 182661906, 1, 6.612308E-05, 7.050466E-05
 182836836, 0, 6.69246E-05, 7.133147E-05
 183164205, 1, 6.786362E-05, 7.235268E-05
 183349131, 0, 6.859664E-05, 7.311281E-05
 183666504, 1, 6.796292E-05, 7.235241E-05
 183858927, 0, 6.864414E-05, 7.305331E-05
 184178799, 1, 6.937872E-05, 7.383229E-05
 184369556, 0, 7.016565E-05, 7.465484E-05
 184681931, 1, 6.910626E-05, 7.343028E-05
 184879352, 0, 6.983753E-05, 7.419467E-05
 185186729, 1, 7.044055E-05, 7.48409E-05
 185391647, 0, 7.135227E-05, 7.581062E-05
 185689028, 1, 7.015304E-05, 7.444631E-05
 185901443, 0, 7.115287E-05, 7.551001E-05
 186191327, 1, 7.146774E-05, 7.583847E-05
 186413738, 0, 7.102631E-05, 7.529151E-05
 186696958, 1, 7.147614E-05, 7.578119E-05
 186914371, 0, 7.244958E-05, 7.681261E-05
 187199257, 1, 7.307324E-05, 7.749988E-05
 187426666, 0, 7.233349E-05, 7.661399E-05
 187711552, 1, 7.279419E-05, 7.712559E-05
 187936462, 0, 7.382257E-05, 7.821441E-05
 188213851, 1, 7.215499E-05, 7.633734E-05
 188448757, 0, 7.311771E-05, 7.736752E-05
 188719482, 1, 7.326372E-05, 7.750478E-05
 188956887, 0, 7.415831E-05, 7.845967E-05
 189221781, 1, 7.266059E-05, 7.675982E-05
 189469182, 0, 7.377218E-05, 7.795421E-05
 189724080, 1, 7.393639E-05, 7.811782E-05
 189981477, 0, 7.522797E-05, 7.951204E-05
 190226379, 1, 7.357694E-05, 7.764276E-05
 190491273, 0, 7.494239E-05, 7.911557E-05
 190732010, 1, 7.492256E-05, 7.907548E-05
 191004401, 0, 7.469651E-05, 7.876041E-05
 191244305, 1, 7.454375E-05, 7.859265E-05
 191516696, 0, 7.640869E-05, 8.059836E-05
 191746604, 1, 7.61779E-05, 8.034718E-05
 192028991, 0, 7.65707E-05, 8.069448E-05
 192248903, 1, 7.604749E-05, 8.01218E-05
 192538787, 0, 7.814716E-05, 8.238469E-05
 192754534, 1, 7.809344E-05, 8.233499E-05
 193046917, 0, 7.805802E-05, 8.222178E-05
 193256833, 1, 7.77739E-05, 8.190059E-05
 193559212, 0, 7.947931E-05, 8.374688E-05
 193759132, 1, 7.909982E-05, 8.332455E-05
 194071507, 0, 7.921462E-05, 8.337839E-05
 194271427, 1, 7.866316E-05, 8.276731E-05
 194581303, 0, 8.028065E-05, 8.451603E-05
 194772060, 1, 7.968044E-05, 8.385065E-05
 195094431, 0, 7.98684E-05, 8.398758E-05
 195279357, 1, 7.915792E-05, 8.320247E-05
 195606726, 0, 7.969498E-05, 8.372017E-05
 195781656, 1, 8.054407E-05, 8.469319E-05
 196119021, 0, 8.126756E-05, 8.541351E-05
 196283955, 1, 8.037455E-05, 8.442919E-05
 196628817, 0, 8.091236E-05, 8.494861E-05
 196788753, 1, 8.159018E-05, 8.573623E-05
 197136947, 0, 8.214601E-05, 8.627182E-05
 197291885, 1, 8.125467E-05, 8.528623E-05
 197649242, 0, 8.219977E-05, 8.627019E-05
 197804180, 1, 8.16085E-05, 8.559864E-05
 198161537, 0, 7.804677E-05, 8.201451E-05
 198306479, 1, 4.891251E-05, 4.997924E-05
 198671333, 0, 8.372679E-05, 8.788092E-05
 198808778, 1, 8.374887E-05, 8.776873E-05
 199184461, 0, 9.26883E-05, 9.781915E-05
 199314409, 1, 8.431301E-05, 8.840385E-05
 199696756, 0, 9.305352E-05, 9.83961E-05
 199816708, 1, 8.295877E-05, 8.690104E-05
 200209051, 0, 9.641549E-05, 0.0001022143
 200319007, 1, 8.378798E-05, 8.785214E-05
 200718847, 0, 0.0001012518, 0.0001076683
 200831302, 1, 8.401995E-05, 8.806487E-05
 201229476, 0, 0.0001058885, 0.00011286
 201336933, 1, 8.496736E-05, 8.908289E-05
 201739272, 0, 0.0001114615, 0.0001191238
 201839232, 1, 8.501217E-05, 8.904337E-05
 202251567, 0, 0.000116103, 0.0001243651
 202341531, 1, 8.581831E-05, 8.993413E-05
 202761363, 0, 0.0001205978, 0.0001293677
 202843830, 1, 8.469258E-05, 8.865266E-05
 203274491, 0, 0.0001224459, 0.0001310975
 203349461, 1, 8.038509E-05, 8.400113E-05
 203786786, 0, 0.0001200454, 0.0001273351
 203851760, 1, 7.054688E-05, 7.330572E-05
 204299081, 0, 0.0001165755, 0.0001217617
 204364055, 1, 6.017769E-05, 6.20287E-05
 204808877, 0, 0.0001140341, 0.0001166957
 204866354, 1, 4.833776E-05, 4.91749E-05
 205319506, 0, 0.0001156259, 0.0001161504
 205371985, 1, 4.099896E-05, 4.11327E-05
 205822638, 0, 0.0001236166, 0.0001237638
 205880115, 1, 3.868849E-05, 3.876527E-05
 206332434, 0, 0.0001344241, 0.0001356158
 206392410, 1, 4.134174E-05, 4.176162E-05
 206844729, 0, 0.0001441903, 0.0001471872
 206894709, 1, 4.200064E-05, 4.284975E-05
 207357024, 0, 0.0001480948, 0.0001513057
 207397008, 1, 4.249179E-05, 4.338714E-05
 207867653, 0, 0.0001487676, 0.0001515728
 207902639, 1, 4.070688E-05, 4.148976E-05
 208379948, 0, 0.0001458971, 0.0001477679
 208407437, 1, 3.78013E-05, 3.829426E-05
 208892243, 0, 0.000141509, 0.0001426552
 208917233, 1, 3.727665E-05, 3.75961E-05
 209404538, 0, 0.0001394544, 0.0001401192
 209419532, 1, 3.587178E-05, 3.606776E-05
 209912668, 0, 0.0001395567, 0.0001403177
 209927662, 1, 3.622592E-05, 3.645537E-05
 210422464, 0, 0.0001343452, 0.0001350896
 210439957, 1, 3.50799E-05, 3.53076E-05
 210934759, 0, 0.0001272829, 0.0001279484
 210942256, 1, 3.550583E-05, 3.572907E-05
 211447054, 0, 0.0001096566, 0.0001101656
 211449553, 1, 3.443758E-05, 3.464271E-05
 211955184, 1, 3.526461E-05, 3.546834E-05
 211957683, 0, 9.807703E-05, 9.849809E-05
 212462481, 1, 3.485002E-05, 3.504526E-05
 212469978, 0, 8.010741E-05, 8.042304E-05
 212964780, 1, 3.604911E-05, 3.624472E-05
 212982273, 0, 7.158404E-05, 7.184841E-05
 213467079, 1, 3.5822E-05, 3.601223E-05
 213494568, 0, 5.99886E-05, 6.019652E-05
 213969378, 1, 3.726654E-05, 3.746599E-05
 214004364, 0, 5.567787E-05, 5.587014E-05
 214475009, 1, 3.714177E-05, 3.734286E-05
 214514993, 0, 4.944633E-05, 4.961613E-05
 214979807, 1, 3.866805E-05, 3.887393E-05
 215024789, 0, 4.525494E-05, 4.540663E-05
 215489603, 1, 3.839163E-05, 3.859702E-05
 215537084, 0, 4.484703E-05, 4.499782E-05
 215991902, 1, 3.971599E-05, 3.992913E-05
 216049379, 0, 4.268401E-05, 4.282733E-05
 216497533, 1, 3.927452E-05, 3.948624E-05
 216560008, 0, 4.3261E-05, 4.340684E-05
 216999832, 1, 4.043666E-05, 4.064998E-05
 217072303, 0, 4.212881E-05, 4.226814E-05
 217502131, 1, 3.97122E-05, 3.991951E-05
 217584598, 0, 4.315406E-05, 4.329311E-05
 218009428, 1, 4.175963E-05, 4.211567E-05
 218094394, 0, 5.070743E-05, 5.162966E-05
 218510061, 1, 5.759483E-05, 6.058386E-05
 218605023, 0, 7.393086E-05, 7.770769E-05
 219022356, 1, 4.876246E-05, 4.905401E-05
 219114819, 0, 6.194141E-05, 6.351711E-05
 219524655, 1, 8.167668E-05, 8.957759E-05
 219627114, 0, 9.667545E-05, 0.0001045582
 220026954, 1, 8.624415E-05, 9.496112E-05
 220139409, 0, 0.0001005254, 0.0001089791
 220530919, 1, 9.051288E-05, 9.951457E-05
 220650871, 0, 0.00010433, 0.0001130799
 221038216, 1, 9.421742E-05, 0.0001030758
 221163166, 0, 0.0001038472, 0.0001096752
 221540515, 1, 9.139012E-05, 9.783993E-05
 221675461, 0, 0.0001058256, 0.0001133853
 222042814, 1, 9.432989E-05, 0.0001027679
 222187756, 0, 0.0001148692, 0.0001252864
 222555109, 1, 9.889941E-05, 0.0001073401
 222698385, 0, 0.0001179919, 0.0001255796
 223065738, 1, 0.0001163031, 0.0001248196
 223210680, 0, 0.0001306726, 0.0001404767
 223575534, 1, 0.0001266152, 0.0001416707
 223722975, 0, 0.0001404598, 0.0001551458
 224077833, 1, 0.000120211, 0.0001292192
 224235270, 0, 0.0001306484, 0.000140914
 224580132, 1, 0.0001174522, 0.0001273619
 224745899, 0, 0.0001397218, 0.0001534011
 225085763, 1, 0.0001245371, 0.0001365028
 225258194, 0, 0.0001441664, 0.0001587194
 225588062, 1, 0.0001287706, 0.0001403019
 225770489, 0, 0.0001501176, 0.0001610058
 226097858, 1, 0.0001566331, 0.0001692276
 226282784, 0, 0.0001747294, 0.0001904392
 226602656, 1, 0.0001685074, 0.0001895351
 226793413, 0, 0.0001838884, 0.0002046048
 227108287, 1, 0.0001639135, 0.0001770668
 227305708, 0, 0.0001566522, 0.0001592998
 227610586, 1, 0.0001486081, 0.0001603258
 227818003, 0, 0.0001699527, 0.0001875539
 228112885, 1, 0.0001562646, 0.0001719404
 228327799, 0, 0.0001753398, 0.0001939989
 228615184, 1, 0.0001611698, 0.0001764211
 228838428, 0, 0.0001846836, 0.0001991378
 229120815, 1, 0.0001931047, 0.0002142139
 229350723, 0, 0.0002198197, 0.0002377519
 229628112, 1, 0.0002129448, 0.0002388254
 229863018, 0, 0.000228273, 0.0002528899
 230135409, 1, 0.0002177707, 0.000243715
 230375313, 0, 0.000234044, 0.0002587391
 230637708, 1, 0.0001881544, 0.0001988649
 230887608, 0, 0.0001982411, 0.0002188761
 231143339, 1, 0.0001883723, 0.0002098355
 231388241, 0, 0.0002047082, 0.0002290152
 231645638, 1, 0.000194332, 0.0002163918
 231900536, 0, 0.0002098206, 0.0002330833
 232147937, 1, 0.0002007252, 0.0002174064
 232410332, 0, 0.0002487722, 0.0002750159
 232660232, 1, 0.0002401212, 0.0002716063
 232922627, 0, 0.0002537013, 0.0002899787
 233168362, 1, 0.0002364136, 0.0002697945
 233433256, 0, 0.0002483811, 0.0002856077
 233680657, 1, 0.0002323588, 0.0002654977
 233945551, 0, 0.0002496064, 0.000285182
 234182956, 1, 0.0002566572, 0.0002775328
 234457846, 0, 0.0002619112, 0.0002839825
 234685255, 1, 0.0002297082, 0.0002582512
 234970141, 0, 0.0002382551, 0.0002676165
 235190886, 1, 0.0002273382, 0.0002573355
 235480770, 0, 0.0002616834, 0.0002893208
 235693185, 1, 0.0002685823, 0.0002905218
 235993065, 0, 0.0002655993, 0.0002984528
 236200482, 1, 0.0002481896, 0.0002833712
 236505360, 0, 0.0002591815, 0.0002965609
 236707779, 1, 0.0002499457, 0.0002828728
 237017655, 0, 0.000283963, 0.000318158
 237218408, 1, 0.0002853806, 0.00030815
 237528284, 0, 0.000274479, 0.0003021559
 237728204, 1, 0.0002442561, 0.0002775025
 238040579, 0, 0.0002503067, 0.0002825289
 238230503, 1, 0.0002485865, 0.00027896
 238552874, 0, 0.0003052091, 0.0003288616
 238732802, 1, 0.0002987223, 0.0003201962
 239065169, 0, 0.0002855487, 0.0003296259
 239243431, 1, 0.0002762379, 0.0003154306
 239575798, 0, 0.0002876259, 0.0003273966
 239753227, 1, 0.0002955878, 0.0003303035
 240088093, 0, 0.0003202003, 0.0003382798
 240265522, 1, 0.0002840532, 0.0003139647
 240597889, 0, 0.0002687775, 0.0003054831
 240767821, 1, 0.0002595047, 0.0002975325
 241110184, 0, 0.0002711371, 0.0003068839
 241270120, 1, 0.0002754388, 0.000318035
 241620813, 0, 0.0002695227, 0.0002707727
 241775751, 1, 0.000278133, 0.0002988821
 242133108, 0, 0.0002949878, 0.0003348891
 242278050, 1, 0.0002891367, 0.0003245699
 242645403, 0, 0.000300095, 0.0003396579
 242782848, 1, 0.0002943958, 0.0003296521
 243157698, 0, 0.0003050118, 0.000345868
 243292644, 1, 0.0003002306, 0.0003370173
 243658331, 0, 0.0003431548, 0.000360568
 243798275, 1, 0.0003437735, 0.0003531499
 244170626, 0, 0.0003407242, 0.0003843303
 244300574, 1, 0.0003231886, 0.0003768853
 244680422, 0, 0.0003168309, 0.0003592116
 244802873, 1, 0.0002926849, 0.0003201595
 245192717, 0, 0.000325354, 0.000353291
 245305172, 1, 0.0003368618, 0.0003697259
 245703346, 0, 0.0003590729, 0.0004040444
 245810803, 1, 0.0003543182, 0.000394818
 246215641, 0, 0.0003670561, 0.0004134174
 246315601, 1, 0.0003598115, 0.0004008952
 246727936, 0, 0.0003012644, 0.0003157426
 246825397, 1, 0.0002909083, 0.0003044266
 247240231, 0, 0.0003555193, 0.0004112032
 247327696, 1, 0.0003502633, 0.0004132245
 247750860, 0, 0.0003699525, 0.0004330289
 247833327, 1, 0.000363279, 0.0004291811
 248263155, 0, 0.0004739664, 0.0004997334
 248335626, 1, 0.0004634327, 0.0004949254
 248775450, 0, 0.0004117684, 0.0004778261
 248837925, 1, 0.000406279, 0.00046555
 249287745, 0, 0.0004150849, 0.0004820798
 249345222, 1, 0.0004109203, 0.0004709447
 249798374, 0, 0.0004684093, 0.0005322474
 249858350, 1, 0.0004760661, 0.0005246581
 250310669, 0, 0.0004793903, 0.0005247623
 250370645, 1, 0.0004425911, 0.0005031807
 250822964, 0, 0.0004075616, 0.0004790244
 250872944, 1, 0.0003839511, 0.0004545567
 251335259, 0, 0.0003279193, 0.000356348
 251375243, 1, 0.0003264382, 0.0003548856
 251845888, 0, 0.0004540237, 0.0005118034
 251880874, 1, 0.0004529603, 0.0005060856
 252358183, 0, 0.0004872959, 0.0005543965
 252383173, 1, 0.0004857782, 0.0005467509
 252870478, 0, 0.0005088699, 0.0005788241
 252887971, 1, 0.0005003164, 0.000561838
 253380274, 0, 0.0003595381, 0.0003877098
 253397767, 1, 0.0003543867, 0.0003862206
 253890903, 0, 0.0003759201, 0.0004244573
 253905897, 1, 0.0003689309, 0.0004199055
 254403198, 0, 0.0003827027, 0.0004319981
 254418192, 1, 0.0003753715, 0.0004271822
 254915493, 0, 0.0003898138, 0.0004403308
 254920491, 1, 0.0003821631, 0.0004351845
 255422790, 1, 0.0003959015, 0.0004506365
 255427788, 0, 0.0004055665, 0.0004574012
 255928421, 0, 0.0006434387, 0.0006726488
 255928421, 1, 0.0006328142, 0.0006630173
 256430720, 1, 0.0006329783, 0.0007232188
 256440716, 0, 0.000637695, 0.0007404094
 256943015, 1, 0.0006619092, 0.0007083005
 256953011, 0, 0.0006697855, 0.0007202846
 257445314, 1, 0.0004810252, 0.0005522196
 257462807, 0, 0.0004808891, 0.0005444429
 257947613, 1, 0.0004157254, 0.0004741224
 257975102, 0, 0.0004226106, 0.0004780948
 258453244, 1, 0.0004088516, 0.000437269
 258485731, 0, 0.0004180236, 0.0004428122
 258955543, 1, 0.000624652, 0.000687719
 258998026, 0, 0.000650982, 0.0007304187
 259460341, 1, 0.0007298722, 0.0008284436
 259510321, 0, 0.0007395716, 0.0008454724
 259970137, 1, 0.0006722933, 0.0007574568
 260022616, 0, 0.0006506693, 0.0007337905
 260475768, 1, 0.0004265251, 0.0004589855
 260533245, 0, 0.000423722, 0.0004565609
 260978067, 1, 0.0004181951, 0.0004590779
 261045540, 0, 0.0004265673, 0.0004666125
 261480366, 1, 0.0004648066, 0.0005108211
 261557835, 0, 0.0005073873, 0.0005520399
 261982665, 1, 0.0007801388, 0.0008068538
 262070130, 0, 0.000807678, 0.000851304
 262488296, 1, 0.0008174849, 0.0008851868
 262580759, 0, 0.0008238564, 0.0009036561
 262990595, 1, 0.0008167642, 0.0008952681
 263093054, 0, 0.0007665533, 0.0008783154
 263502890, 1, 0.0004976757, 0.0005459705
 263605349, 0, 0.0004804515, 0.0005188861
 264005189, 1, 0.0004611641, 0.0004966144
 264117644, 0, 0.00045356, 0.0004860031
 264510820, 1, 0.0004540022, 0.0004898848
 264628273, 0, 0.0004668078, 0.0005053314
 265013119, 1, 0.0004803697, 0.0005294416
 265140568, 0, 0.0004978158, 0.0005499276
 265515418, 1, 0.0007094927, 0.000721126
 265650364, 0, 0.000842088, 0.0008578606
 266020216, 1, 0.0008833454, 0.0009490642
 266162659, 0, 0.0008754918, 0.0009590458
 266523348, 1, 0.0008556788, 0.0009531284
 266673288, 0, 0.0008421239, 0.0009552627
 267035643, 1, 0.0008198754, 0.0009403616
 267185583, 0, 0.0007990788, 0.0009341903
 267537942, 1, 0.0007318043, 0.0008657197
 267697878, 0, 0.000657087, 0.0007799698
 268040241, 1, 0.0004873578, 0.000527461
 268210173, 0, 0.0004676434, 0.0004959136
 268545872, 1, 0.0005248965, 0.0005774886
 268723301, 0, 0.0005777453, 0.0006436629
 269048171, 1, 0.0006582573, 0.0007529052
 269235596, 0, 0.0007372143, 0.0008477721
 269550470, 1, 0.0008946619, 0.001008357
 269745392, 0, 0.000942973, 0.0009877223
 270062765, 1, 0.0008547824, 0.0009181583
 270257687, 0, 0.0007752381, 0.0008771547
 270570895, 1, 0.0006800916, 0.0007938446
 270768316, 0, 0.000616758, 0.0007291535
 271083190, 1, 0.0005499357, 0.0006372242
 271280611, 0, 0.0005083242, 0.0005821336
 271585489, 1, 0.0004688232, 0.0005190056
 271792906, 0, 0.0004478975, 0.0004875585
 272087788, 1, 0.0004650351, 0.0005019927
 272305201, 0, 0.0005799915, 0.0006274696
 272593419, 1, 0.0008221971, 0.0008994308
 272815830, 0, 0.0009157493, 0.001022968
 273095718, 1, 0.000959552, 0.001084726
 273328125, 0, 0.0009385708, 0.00104099
 273608013, 1, 0.0008898026, 0.0009556743
 273840420, 0, 0.0007745968, 0.0008345716
 274110312, 1, 0.000671681, 0.0007441925
 274352715, 0, 0.0005308846, 0.0006067615
 274612611, 1, 0.0004675501, 0.0005272269
 274863344, 0, 0.0004120143, 0.0004556246
 275118242, 1, 0.0004161239, 0.0004578296
 275375639, 0, 0.0003875075, 0.0004226932
 275620541, 1, 0.0004078409, 0.0004450251
 275887934, 0, 0.000674838, 0.0007358646
 276122840, 1, 0.0008158794, 0.000864154
 276400229, 0, 0.0008164082, 0.0008644257
 276635135, 1, 0.0008435714, 0.0008914797
 276910858, 0, 0.0008102229, 0.0008571704
 277138267, 1, 0.0008342651, 0.0008815185
 277423153, 0, 0.000800583, 0.0008477198
 277643065, 1, 0.0008303003, 0.0008814259
 277932949, 0, 0.0008043736, 0.0008665385
 278145364, 1, 0.0007747237, 0.0008282443
 278445244, 0, 0.0005748605, 0.0006037138
 278647663, 1, 0.0004915863, 0.0005352903
 278955873, 0, 0.0003998993, 0.0004455988
 279153294, 1, 0.0003855678, 0.0004254884
 279468168, 0, 0.0003403021, 0.0003683578
 279655593, 1, 0.0003439626, 0.0003697772
 279980463, 0, 0.0004845406, 0.0005620795
 280167888, 1, 0.0006292548, 0.0007294932
 280492758, 0, 0.0007214374, 0.0007728429
 280670187, 1, 0.000778846, 0.0008122691
 280993391, 0, 0.0007578622, 0.0007843279
 281175818, 1, 0.000789628, 0.0008338237
 281505686, 0, 0.000669997, 0.0007664498
 281678117, 1, 0.0006016673, 0.0006987157
 282017981, 0, 0.0003848676, 0.000428634
 282180416, 1, 0.0003505277, 0.0003803246
 282527777, 0, 0.0003109213, 0.0003299055
 282682715, 1, 0.0003245975, 0.0003453031
 283038406, 0, 0.0003681595, 0.0004049988
 283188346, 1, 0.0004156378, 0.0004638152
 283550701, 0, 0.000544966, 0.0006313268
 283700641, 1, 0.0006546057, 0.0007596313
 284062996, 0, 0.0007175089, 0.0007441862
 284202940, 1, 0.0007497169, 0.0007689792
 284575291, 0, 0.0006081903, 0.0006759992
 284705239, 1, 0.0006041711, 0.0006897841
 285085920, 0, 0.0004471299, 0.0005282417
 285210870, 1, 0.0004327822, 0.0005045648
 285598215, 0, 0.0003186943, 0.0003493997
 285713169, 1, 0.0003145356, 0.0003376491
 286110510, 0, 0.0003038147, 0.0003267455
 286215468, 1, 0.0003102969, 0.0003302094
 286622805, 0, 0.0005336225, 0.0005751478
 286727763, 1, 0.0006421771, 0.0007079834
 287135100, 0, 0.0006577129, 0.000743061
 287235893, 1, 0.000722069, 0.0008179985
 287645729, 0, 0.0006734103, 0.0007606882
 287748188, 1, 0.0007383159, 0.0008372925
 288158024, 0, 0.000648773, 0.0007070364
 288250487, 1, 0.0006284165, 0.000651959
 288670319, 0, 0.0003442058, 0.0003837848
 288752786, 1, 0.0003619116, 0.0004042531
 289182614, 0, 0.0003307333, 0.0003685246
 289258417, 1, 0.0003497751, 0.0003883111
 289693243, 0, 0.0003275135, 0.0003628898
 289760716, 1, 0.0003475049, 0.0003840024
 290205538, 0, 0.0003388054, 0.0003597176
 290273011, 1, 0.0003908596, 0.0004011565
 290715334, 0, 0.000682033, 0.0007466905
 290775310, 1, 0.0007575054, 0.0008369323
 291227629, 0, 0.0007118051, 0.0007946492
 291277609, 1, 0.000780794, 0.0008741954
 291738258, 0, 0.0007230294, 0.0008113898
 291783240, 1, 0.0007851204, 0.0008777673
 292250553, 0, 0.0004149022, 0.0004315339
 292285539, 1, 0.0004250402, 0.0004481724
 292762848, 0, 0.0003462152, 0.0003819812
 292787838, 1, 0.0003661767, 0.0004024752
 293275143, 0, 0.0003372166, 0.0003666813
 293300133, 1, 0.0003555072, 0.000384942
 293788271, 0, 0.0004364023, 0.0004479429
 293803265, 1, 0.0004813741, 0.0004929094
 294300566, 0, 0.0007530515, 0.0008187768
 294308063, 1, 0.0008273291, 0.0009007299
 294810362, 0, 0.0007793134, 0.0008739633
 294810362, 1, 0.0008577951, 0.0009638976
 295312661, 1, 0.0006733112, 0.0007163368
 295322657, 0, 0.0006076748, 0.0006474725
 295818292, 1, 0.0004025135, 0.000437758
 295833286, 0, 0.0003772364, 0.0004112087
 296320591, 1, 0.0003919873, 0.000423977
 296345581, 0, 0.0003743977, 0.0004070084
 296832886, 1, 0.0005035489, 0.0005785549
 296857876, 0, 0.0004843928, 0.0005574019
 297335185, 1, 0.0005987657, 0.0007166477
 297370171, 0, 0.0005605422, 0.0006699726
 297840816, 1, 0.0008467474, 0.0009046901
 297880800, 0, 0.0007593742, 0.0008238128
 298343115, 1, 0.0008059197, 0.0009317697
 298393095, 0, 0.0007162764, 0.0008243233
 298845414, 1, 0.0007903247, 0.0009150028
 298905390, 0, 0.0007045771, 0.0008113951
 299347713, 1, 0.0007945967, 0.0009199498
 299417685, 0, 0.0007112898, 0.0008188287
 299853344, 1, 0.0008307365, 0.0009597401
 299928314, 0, 0.0007491271, 0.000859543
 300365639, 1, 0.000784645, 0.0007970872
 300440609, 0, 0.0006901009, 0.0006996885
 300867938, 1, 0.0006577797, 0.0007664587
 300952904, 0, 0.0005802222, 0.000686762
 301370237, 1, 0.000527404, 0.0006115563
 301465199, 0, 0.0004641305, 0.0005307571
 301875868, 1, 0.0004832965, 0.0005126371
 301975828, 0, 0.0004824607, 0.0005227401
 302378167, 1, 0.0007618215, 0.0008363783
 302488123, 0, 0.000715567, 0.0007852033
 302880466, 1, 0.0009276444, 0.001039439
 302997919, 0, 0.0008468479, 0.0009502124
 303392761, 1, 0.0009756922, 0.001059058
 303510214, 0, 0.0008178404, 0.000878209
 303900891, 1, 0.0006534157, 0.0007459682
 304020843, 0, 0.0005500211, 0.0006312378
 304413186, 1, 0.0004946661, 0.0005481421
 304533138, 0, 0.0004464072, 0.0004918467
 304915485, 1, 0.0004761436, 0.0005226983
 305045433, 0, 0.0004572958, 0.0005097495
 305417784, 1, 0.0006874152, 0.0007781743
 305557728, 0, 0.0007147992, 0.0007785307
 305923415, 1, 0.001039169, 0.001114084
 306058361, 0, 0.0009280751, 0.00102628
 306425714, 1, 0.001011287, 0.001157277
 306570656, 0, 0.0008551673, 0.0009794817
 306938009, 1, 0.0008139865, 0.0009131302
 307080452, 0, 0.0006630055, 0.000743853
 307440308, 1, 0.0005674301, 0.0006241686
 307592747, 0, 0.0004765516, 0.0005187397
 307942607, 1, 0.0004864339, 0.000526218
 308103376, 0, 0.0004657795, 0.0005163785
 308448238, 1, 0.000570133, 0.0006575205
 308615671, 0, 0.0005201178, 0.0005910124
 308950537, 1, 0.0006915339, 0.0008024865
 309127966, 0, 0.0007902543, 0.000832866
 309452836, 1, 0.001037091, 0.001099236
 309640261, 0, 0.0008848708, 0.0009770327
 309965131, 1, 0.001008062, 0.001115438
 310150890, 0, 0.0008597651, 0.000969717
 310478259, 1, 0.0009854363, 0.0011021
 310663185, 0, 0.0008334151, 0.0009510428
 310985556, 1, 0.0009443989, 0.001082005
 311175480, 0, 0.0007841897, 0.0009215785
 311487855, 1, 0.0008447467, 0.0009942664
 311687775, 0, 0.0006895211, 0.0008220087
 311990154, 1, 0.0007347707, 0.0008625735
 312198404, 0, 0.0006081578, 0.0007153836
 312495785, 1, 0.0006424548, 0.0007379654
 312710699, 0, 0.0005277544, 0.0006024827
 312998084, 1, 0.0005175596, 0.0005624743
 313222994, 0, 0.000431992, 0.000444984
 313510379, 1, 0.0005788078, 0.0006358617
 313735289, 0, 0.0005944465, 0.0006881456
 314012678, 1, 0.0007691417, 0.0009155731
 314245918, 0, 0.0006935268, 0.000806373
 314518309, 1, 0.0008862206, 0.001012972
 314758213, 0, 0.0008050788, 0.0008428625
 315020608, 1, 0.0008759008, 0.0009528634
 315270508, 0, 0.0006311951, 0.0007498944
 315522907, 1, 0.000629564, 0.0007428647
 315780304, 0, 0.0004859776, 0.0005654084
 316025206, 1, 0.0005015714, 0.000566441
 316292599, 0, 0.0004144911, 0.0004619713
 316530837, 1, 0.0004403105, 0.0004798567
 316803228, 0, 0.0003752651, 0.0004058071
 317038134, 1, 0.0004058225, 0.0004320525
 317315523, 0, 0.0004026793, 0.0004243875
 317545431, 1, 0.0006675848, 0.0007130723
 317827818, 0, 0.000744006, 0.0008338013
 318047730, 1, 0.0009245249, 0.001034015
 318340113, 0, 0.0007787709, 0.0008422569
 318553361, 1, 0.0009066843, 0.000958571
 318853241, 0, 0.0006915731, 0.0007445343
 319055660, 1, 0.0007309756, 0.0008103821
 319365536, 0, 0.0004828084, 0.0005651935
 319557959, 1, 0.0004939781, 0.0005715474
 319875332, 0, 0.0003997284, 0.0004548974
 320070254, 1, 0.0004295287, 0.0004806841
 320387627, 0, 0.000360338, 0.0003914652
 320578384, 1, 0.0005486144, 0.0006100275
 320898256, 0, 0.0005665576, 0.0006149801
 321090679, 1, 0.00069693, 0.0007540075
 321410551, 0, 0.0005955489, 0.0006389281
 321592978, 1, 0.0007111199, 0.0007635104
 321922846, 0, 0.0005983199, 0.0006382666
 322095277, 1, 0.0007186608, 0.0007672121
 322435141, 0, 0.0006021318, 0.0006313964
 322600908, 1, 0.0006694386, 0.0006832588
 322945770, 0, 0.0004911308, 0.0005396315
 323103207, 1, 0.0005531481, 0.0006212782
 323458065, 0, 0.0004479171, 0.0005119799
 323610504, 1, 0.0005071818, 0.0005763161
 323970360, 0, 0.0004113944, 0.0004683392
 324117801, 1, 0.0004522673, 0.0005099361
 324482655, 0, 0.0004180068, 0.0004266575
 324620100, 1, 0.0005774686, 0.0006143983
 324993284, 0, 0.0005875396, 0.0006275705
 325125731, 1, 0.0007161807, 0.0007616598
 325505579, 0, 0.0006351106, 0.0006663388
 325628030, 1, 0.0007774017, 0.0008155485
 326017874, 0, 0.0006403771, 0.0006875481
 326130329, 1, 0.0007233344, 0.0007769113
 326530169, 0, 0.0004401716, 0.0004902428
 326642624, 1, 0.0004714311, 0.0005230365
 327040798, 0, 0.0003451637, 0.0003778937
 327150754, 1, 0.0003732362, 0.0004030955
 327553093, 0, 0.0003196321, 0.0003471358
 327663049, 1, 0.000378532, 0.0004179054
 328062889, 0, 0.0004875398, 0.0005665421
 328165348, 1, 0.0006314555, 0.0007311074
 328575184, 0, 0.0006695629, 0.0006904263
 328667647, 1, 0.0008147087, 0.0008400503
 329085813, 0, 0.0006271882, 0.0007278183
 329173278, 1, 0.0007224348, 0.0008456641
 329598108, 0, 0.0004695687, 0.0005476091
 329675577, 1, 0.0005160094, 0.0005937504
 330110403, 0, 0.000345309, 0.0003780934
 330182874, 1, 0.0003768652, 0.000406361
 330622698, 0, 0.00031437, 0.0003360415
 330690171, 1, 0.0003518574, 0.0003736267
 331123331, 0, 0.0003141931, 0.0003365157
 331195802, 1, 0.0003535142, 0.0003763452
 331635626, 0, 0.000573249, 0.000609444
 331698101, 1, 0.0007397172, 0.0007885739
 332145422, 0, 0.000681343, 0.0007155804
 332200400, 1, 0.0008219362, 0.0008615767
 332657717, 0, 0.0006792809, 0.000714035
 332702699, 1, 0.0008196307, 0.0008608427
 333168346, 0, 0.0006786061, 0.000715346
 333208330, 1, 0.0008184942, 0.0008623312
 333680641, 0, 0.0006781256, 0.0007168108
 333713128, 1, 0.0008174416, 0.0008640511
 334192936, 0, 0.0006371692, 0.0006663011
 334222924, 1, 0.0007531338, 0.0007860508
 334705231, 0, 0.0004572037, 0.0004578818
 334725223, 1, 0.00052331, 0.0005242965
 335215860, 0, 0.0003392828, 0.0003576074
 335230854, 1, 0.0003812712, 0.0004003375
 335728155, 0, 0.0003528378, 0.0003756497
 335733153, 1, 0.0003990746, 0.0004227255
 336235452, 1, 0.0006857953, 0.000691031
 336240450, 0, 0.0005821862, 0.0005874633
 336745248, 1, 0.0008350457, 0.0008943604
 336752745, 0, 0.0006977614, 0.0007468507
 337255877, 1, 0.0006614804, 0.0006963099
 337263374, 0, 0.0005589601, 0.0005848061
 337768172, 1, 0.0003875577, 0.0004106431
 337775669, 0, 0.0003476351, 0.0003712041
 338270471, 1, 0.0004159324, 0.0004522072
 338287964, 0, 0.0003722234, 0.0004074221
 338772770, 1, 0.0005049391, 0.0005633514
 338800259, 0, 0.0004520428, 0.0005032014
 339280900, 1, 0.0008420798, 0.0008617651
 339310888, 0, 0.0007173262, 0.0007376781
 339793195, 1, 0.0008377939, 0.0009154021
 339823183, 0, 0.0007047032, 0.0007712993
 340295494, 1, 0.0006718372, 0.0007987175
 340335478, 0, 0.0005668803, 0.000668242
 340807789, 1, 0.0004253676, 0.0004588602
 340845274, 0, 0.000379476, 0.0004091152
 341308422, 1, 0.000499896, 0.0005492505
 341355903, 0, 0.000455871, 0.0005047309
 341815719, 1, 0.0007110479, 0.000803352
 341868198, 0, 0.0006268467, 0.0007126097
 342318018, 1, 0.0007879567, 0.0009008113
 342380493, 0, 0.000664058, 0.0007599692
 342820317, 1, 0.0008196962, 0.0008458467
 342892788, 0, 0.0006708668, 0.0007059451
 343327614, 1, 0.0006968611, 0.000804735
 343393421, 0, 0.0005946948, 0.0006811474
 343828247, 1, 0.0006768429, 0.0007855612
 343905716, 0, 0.0005825458, 0.0006692919
 344340542, 1, 0.000670341, 0.0007794746
 344418011, 0, 0.0005766331, 0.0006626162
 344842841, 1, 0.0006500668, 0.0007598778
 344927807, 0, 0.000557641, 0.0006453642
 345345140, 1, 0.0005968562, 0.0006102349
 345440102, 0, 0.0005259861, 0.0005289635
 345850771, 1, 0.0006741177, 0.000719772
 345950731, 0, 0.0006013987, 0.0006604849
 346353070, 1, 0.000759897, 0.0008418008
 346463026, 0, 0.0006593839, 0.0007264177
 346857868, 1, 0.0007701895, 0.0007780896
 346975321, 0, 0.0006602022, 0.0006809966
 347367664, 1, 0.0007072075, 0.0008093361
 347487616, 0, 0.0005980044, 0.0006833637
 347873295, 1, 0.0006313935, 0.0007352715
 347998245, 0, 0.0005359277, 0.0006191476
 348375594, 1, 0.0005455574, 0.0005718516
 348510540, 0, 0.0005100978, 0.0005238336
 348877893, 1, 0.000770412, 0.0008432116
 349022835, 0, 0.0006933715, 0.0007646849
 349380192, 1, 0.000885195, 0.0009630382
 349535130, 0, 0.0007787639, 0.000855028
 349885823, 1, 0.0009714179, 0.001063044
 350045759, 0, 0.0008066476, 0.0008637426
 350388122, 1, 0.0007683816, 0.0008288443
 350558054, 0, 0.0005928297, 0.0006589603
 350900417, 1, 0.0005523031, 0.0006245746
 351070349, 0, 0.0004545714, 0.0005066454
 351402716, 1, 0.0004723341, 0.0005156146
 351582644, 0, 0.0004609131, 0.0005215495
 351908347, 1, 0.0007065071, 0.0008223978
 352093273, 0, 0.0006908239, 0.0007870714
 352410646, 1, 0.0009507782, 0.001005105
 352605568, 0, 0.0008493352, 0.0008964136
 352912945, 1, 0.001031117, 0.001130374
 353115364, 0, 0.0008449519, 0.0009584042
 353417743, 1, 0.0009535041, 0.00110559
 353627659, 0, 0.0007819846, 0.0008927078
 353920875, 1, 0.0006270213, 0.0006828163
 354138288, 0, 0.0004194581, 0.0004476942
 354433170, 1, 0.0004543209, 0.0004884891
 354650583, 0, 0.0004109606, 0.0004482311
 354935469, 1, 0.0004619574, 0.0005007834
 355162878, 0, 0.0004114085, 0.0004497002
 355437768, 1, 0.0004614431, 0.0005004443
 355675173, 0, 0.0004100184, 0.0004484876
 355945898, 1, 0.0004617425, 0.0005018
 356188301, 0, 0.0004125954, 0.0004515622
 356458193, 1, 0.0005225382, 0.0005417172
 356700596, 0, 0.0005686011, 0.0005699369
 356960492, 1, 0.0008517792, 0.0008743232
 357210392, 0, 0.0008216468, 0.0008860423
 357472787, 1, 0.001000404, 0.001107072
 357722687, 0, 0.0008330621, 0.0008990275
 357973420, 1, 0.000836293, 0.0008458926
 358233316, 0, 0.0004872722, 0.0005187495
 358480717, 1, 0.0004858561, 0.0005364055
 358745611, 0, 0.0004154974, 0.0004601858
 358983016, 1, 0.0004587409, 0.0004999574
 359257906, 0, 0.0003999058, 0.0004353194
 359485315, 1, 0.0004684172, 0.0004921246
 359770201, 0, 0.0005799714, 0.0005805242
 359990113, 1, 0.0006920279, 0.0006920499
 360280830, 0, 0.0005969035, 0.0005972727
 360493245, 1, 0.0006960772, 0.0006961006
 360793125, 0, 0.0005997106, 0.000600078
 361005540, 1, 0.0006990538, 0.0006990753
 361305420, 0, 0.0006018502, 0.0006022144
 361507839, 1, 0.0007015562, 0.0007015762
 361817715, 0, 0.0006042211, 0.0006045822
 362010138, 1, 0.0007049448, 0.0007049632
 362328344, 0, 0.0006076737, 0.0006080325
 362515769, 1, 0.0007079873, 0.0007080042
 362840639, 0, 0.0006104716, 0.0006108283
 363018068, 1, 0.0007111348, 0.0007111504
 363352934, 0, 0.000613144, 0.0006135009
 363522866, 1, 0.0007152764, 0.0007152909
 363865229, 0, 0.0006146942, 0.0006150252
 364032662, 1, 0.0007175814, 0.0007175906
 364375858, 0, 0.0006173283, 0.0006176376
 364538293, 1, 0.0007208785, 0.0007208842
 364888153, 0, 0.0006016922, 0.0006020058
 365040592, 1, 0.0004607603, 0.0005062722
 365397949, 0, 0.0005080138, 0.0005723659
 365542891, 1, 0.0005529011, 0.0006187562
 365910244, 0, 0.000456217, 0.0004852155
 366045190, 1, 0.0006680642, 0.0006707687
 366420873, 0, 0.0006243848, 0.0006247532
 366550821, 1, 0.0007383648, 0.0007383807
 366933168, 0, 0.0006297334, 0.0006300806
 367053120, 1, 0.0007411297, 0.0007411441
 367445463, 0, 0.000633113, 0.0006334638
 367565415, 1, 0.0007457015, 0.0007457146
 367957758, 0, 0.000635949, 0.0006363045
 368067714, 1, 0.0007495854, 0.0007495974
 368458391, 0, 0.0006391529, 0.0006395129
 368573345, 1, 0.0007545101, 0.000754521
 368970686, 0, 0.0006436487, 0.0006440138
 369075644, 1, 0.0007585844, 0.0007585943
 369482981, 0, 0.0006473178, 0.00064769
 369577943, 1, 0.000763467, 0.000763476
 369992777, 0, 0.0006519579, 0.0006523359
 370082741, 1, 0.0007678762, 0.000767885
 370503406, 0, 0.0006557307, 0.0006561163
 370585873, 1, 0.0007728809, 0.0007728889
 371015701, 0, 0.0006595547, 0.0006599496
 371098168, 1, 0.0007773216, 0.0007773296
 371527996, 0, 0.0006643858, 0.0006647889
 371600467, 1, 0.0007825307, 0.0007825384
 372040291, 0, 0.0006683212, 0.0006687348
 372102766, 1, 0.0007870912, 0.0007870988
 372550920, 0, 0.0006716024, 0.0006720269
 372608397, 1, 0.0007928423, 0.0007928496
 373063215, 0, 0.000675495, 0.0006759319
 373110696, 1, 0.0007973375, 0.0007973448
 373575510, 0, 0.0006805182, 0.0006809658
 373612995, 1, 0.0008029428, 0.0008029501
 374087805, 0, 0.0006845645, 0.0006850258
 374125290, 1, 0.0008076868, 0.0008076947
 374600100, 0, 0.0006896795, 0.0006901533
 374638418, 1, 0.0008129107, 0.000812919
 375110729, 0, 0.0006933078, 0.000693774
 375145715, 1, 0.0008182584, 0.000818264
 375623024, 0, 0.0006941478, 0.000694563
 375648014, 1, 0.0008204614, 0.0008204607
 376135319, 0, 0.0007003489, 0.0007007744
 376150313, 1, 0.0008270481, 0.000827047
 376647614, 0, 0.0009028615, 0.0009959657
 376655111, 1, 0.00112453, 0.001210699
 377158243, 0, 0.0007428, 0.0007468353
 377158243, 1, 0.0008857286, 0.0008952047
 377670538, 0, 0.0006368582, 0.0006404353
 377670538, 1, 0.0007492279, 0.0007570805
 378172837, 1, 0.0008032629, 0.0008034041
 378180334, 0, 0.0006783541, 0.0006787124
 378675136, 1, 0.0008074454, 0.0008075627
 378692629, 0, 0.0006821362, 0.0006825423
 379180767, 1, 0.0008124791, 0.000812592
 379203258, 0, 0.0006868577, 0.0006872846
 379683066, 1, 0.0008167821, 0.0008168881
 379715553, 0, 0.0006907044, 0.0006911558
 380185365, 1, 0.0008222411, 0.0008223433
 380227848, 0, 0.0006946628, 0.0006951393
 380697660, 1, 0.0008268447, 0.000826941
 380740143, 0, 0.0006997358, 0.0007002352
 381200792, 1, 0.0008327561, 0.0008328494
 381253271, 0, 0.0007021094, 0.0007026364
 381705590, 1, 0.0008376459, 0.0008377333
 381765566, 0, 0.0007073721, 0.000707923
 382207889, 1, 0.0008434549, 0.0008435388
 382275362, 0, 0.0007115479, 0.0007121296
 382710188, 1, 0.0008484623, 0.0008485405
 382787657, 0, 0.0007169463, 0.0007175539
 383215819, 1, 0.0008537271, 0.0008537998
 383298286, 0, 0.0007212928, 0.0007219327
 383718118, 1, 0.0008600001, 0.0008600692
 383810581, 0, 0.0007268566, 0.0007275244
 384230413, 1, 0.0008653795, 0.0008654427
 384322876, 0, 0.0007313399, 0.000732044
 384732712, 1, 0.0008717604, 0.0008718207
 384835171, 0, 0.0007358478, 0.0007365874
 385238343, 1, 0.000877574, 0.0008776294
 385345800, 0, 0.0007416098, 0.0007423807
 385740642, 1, 0.0008842018, 0.0008842536
 385858095, 0, 0.0007444579, 0.0007452696
 386242941, 1, 0.000889888, 0.0008899353
 386370390, 0, 0.0007503882, 0.0007512337
 386745240, 1, 0.0008967782, 0.0008968218
 386882685, 0, 0.0007545031, 0.0007553295
 387250871, 1, 0.0009006275, 0.0009007049
 387393314, 0, 0.0007553317, 0.0007560194
 387763166, 1, 0.0009041555, 0.0009042732
 387905609, 0, 0.0007453043, 0.0007460978
 388265465, 1, 0.0008823018, 0.0008827242
 388417904, 0, 0.0006443834, 0.0007040279
 388767764, 1, 0.0007402695, 0.0008616951
 388930199, 0, 0.0007103439, 0.0007126622
 389273395, 1, 0.0009142364, 0.0009142536
 389440828, 0, 0.0007570735, 0.0007582434
 389775694, 1, 0.0009218526, 0.0009218527
 389953123, 0, 0.0007606921, 0.0007619442
 390277993, 1, 0.0009271011, 0.0009270997
 390462919, 0, 0.0007646423, 0.0007659651
 390790288, 1, 0.0009335142, 0.0009335121
 390975214, 0, 0.0007700847, 0.0007714666
 391300917, 1, 0.0009393208, 0.0009393179
 391485843, 0, 0.0007743211, 0.0007757776
 391810713, 1, 0.000945957, 0.0009459536
 391998138, 0, 0.0007799882, 0.0007815087
 392313012, 1, 0.000951562, 0.0009515585
 392510433, 0, 0.0007844066, 0.0007860074
 392815311, 1, 0.0009573364, 0.0009573334
 393022728, 0, 0.0007888711, 0.0007905544
 393317610, 1, 0.0009644319, 0.0009644296
 393523361, 0, 0.0007943838, 0.0007961373
 393823241, 1, 0.0009705208, 0.0009705199
 394035656, 0, 0.0007989437, 0.000800787
 394335536, 1, 0.0009777623, 0.0009777629
 394545452, 0, 0.000805015, 0.0008069344
 394837835, 1, 0.0009837734, 0.0009837769
 395057747, 0, 0.0008079283, 0.0008099437
 395340134, 1, 0.0009911774, 0.000991183
 395568376, 0, 0.0008141132, 0.0008162108
 395845765, 1, 0.0009973863, 0.0009973961
 396080671, 0, 0.0008188531, 0.0008210515
 396348064, 1, 0.001004879, 0.001004893
 396592966, 0, 0.0008251747, 0.0008274628
 396850363, 1, 0.001009645, 0.001009664
 397105261, 0, 0.0008299921, 0.0008323891
 397362658, 1, 0.001017361, 0.001017384
 397615890, 0, 0.0008347826, 0.0008372915
 397865790, 1, 0.001024205, 0.001024236
 398128185, 0, 0.0008412508, 0.0008437972
 398370588, 1, 0.001031475, 0.00103149
 398640480, 0, 0.000838673, 0.0008407224
 398872887, 1, 0.001033521, 0.00103352
 399152775, 0, 0.0008462376, 0.0008483301
 399375186, 1, 0.001024318, 0.001024317
 399663404, 0, 0.0008105342, 0.0008132015
 399880817, 1, 0.001012499, 0.001012521
 400175699, 0, 0.0008138394, 0.000816645
 400383116, 1, 0.001019177, 0.001019206
 400687994, 0, 0.0008179116, 0.0008208546
 400895411, 1, 0.001025448, 0.001025487
 401200289, 0, 0.000824345, 0.0008274009
 401397710, 1, 0.001033469, 0.001033516
 401710918, 0, 0.0008293103, 0.0008325
 401903341, 1, 0.001040621, 0.001040679
 402223213, 0, 0.0008343333, 0.0008376573
 402405640, 1, 0.001048965, 0.001049031
 402735508, 0, 0.0008410412, 0.000844486
 402907939, 1, 0.001055843, 0.001055922
 403245304, 0, 0.0008461237, 0.0008497116
 403410238, 1, 0.001064405, 0.001064495
 403757599, 0, 0.0008512104, 0.0008549243
 403915869, 1, 0.001071367, 0.001071473
 404268228, 0, 0.0008563151, 0.0008601762
 404428164, 1, 0.001078542, 0.001078665
 404780523, 0, 0.0008631807, 0.0008671756
 404930463, 1, 0.001087158, 0.001087296
 405292818, 0, 0.0008683089, 0.000872463
 405432762, 1, 0.001094226, 0.001094384
 405805113, 0, 0.000875234, 0.0008795368
 405938393, 1, 0.00110337, 0.001103545
 406318241, 0, 0.0008803562, 0.0008848285
 406440692, 1, 0.001110562, 0.00111076
 406830536, 0, 0.0008854471, 0.0008900929
 406942991, 1, 0.001119514, 0.001119732
 407340332, 0, 0.0008924314, 0.0008972316
 407455286, 1, 0.001125017, 0.001125263
 407852627, 0, 0.0008957878, 0.0009007725
 407965915, 1, 0.001134458, 0.001134726
 408363256, 0, 0.0009026729, 0.0009078231
 408475711, 1, 0.001141694, 0.001141994
 408875551, 0, 0.0009076986, 0.0009130403
 408978010, 1, 0.00115086, 0.001151185
 409387846, 0, 0.0009147532, 0.000920176
 409480309, 1, 0.001158162, 0.001158493
 409900141, 0, 0.0009105919, 0.0009151963
 409982608, 1, 0.001164107, 0.001164313
 410410770, 0, 0.0009210685, 0.0009257564
 410488239, 1, 0.001169529, 0.001169628
 410923065, 0, 0.0007793517, 0.0009603769
 411000534, 1, 0.001049514, 0.001339134
 411435360, 0, 0.0007643756, 0.0009281643
 411502833, 1, 0.0009621063, 0.001152045
 411947655, 0, 0.000897912, 0.0009041863
 412005132, 1, 0.00116823, 0.001169211
 412458284, 0, 0.0009060039, 0.0009136794
 412510763, 1, 0.001179509, 0.001180787
 412970579, 0, 0.0009124653, 0.0009202764
 413013062, 1, 0.001188197, 0.001189497
 413482874, 0, 0.0009169243, 0.0009249077
 413515361, 1, 0.001195082, 0.001196432
 413995169, 0, 0.0009234882, 0.0009316306
 414027656, 1, 0.001202049, 0.00120345
 414505798, 0, 0.0009279758, 0.0009362949
 414528289, 1, 0.001211341, 0.001212782
 415018093, 0, 0.000932432, 0.0009409335
 415035586, 1, 0.001218219, 0.001219722
 415527889, 0, 0.0009390794, 0.0009477629
 415537885, 1, 0.001227229, 0.001228771
 416040184, 0, 0.0009435602, 0.000952427
 416040184, 1, 0.001234209, 0.001235808
 416545815, 1, 0.00124326, 0.001244915
 416550813, 0, 0.0009501267, 0.0009591826
 417048114, 1, 0.001250125, 0.001251839
 417063108, 0, 0.0009527981, 0.0009620414
 417560409, 1, 0.001257698, 0.001259465
 417575403, 0, 0.0009595472, 0.000968984
 418062708, 1, 0.001264576, 0.001266417
 418087698, 0, 0.000963953, 0.0009735974
 418568339, 1, 0.001274222, 0.001276118
 418588331, 0, 0.0009702421, 0.0009800899
 419070638, 1, 0.001281194, 0.001283162
 419100626, 0, 0.0009745958, 0.0009846605
 419572937, 1, 0.00129031, 0.00129234
 419610422, 0, 0.000981372, 0.0009916475
 420075236, 1, 0.001297385, 0.001299497
 420122717, 0, 0.0009857061, 0.0009962134
 420580867, 1, 0.001306618, 0.001308794
 420633346, 0, 0.0009888507, 0.0009992408
 421090663, 1, 0.001312882, 0.001314908
 421145641, 0, 0.0009863789, 0.0009959148
 421595461, 1, 0.001159007, 0.001160163
 421657936, 0, 0.0009928552, 0.001002231
 422097760, 1, 0.0005919924, 0.0005922929
 422170231, 0, 0.0009627139, 0.0009701912
 422603391, 1, 0.0003670453, 0.0003672079
 422680860, 0, 0.00040183, 0.0004019973
 423105690, 1, 0.0002003119, 0.0002004066
 423193155, 0, 0.0003817939, 0.0003819187
 423607989, 1, 0.000145463, 0.0001455405
 423705450, 0, 0.0003686541, 0.0003687566
 424120284, 1, 9.663517E-05, 9.669714E-05
 424217745, 0, 0.0003597474, 0.0003598378
 424630913, 1, 7.019844E-05, 7.025074E-05
 424728374, 0, 0.0003569674, 0.0003570518
 425140709, 1, 6.093642E-05, 6.098549E-05
 425240669, 0, 0.0003499853, 0.0003500622
 425643008, 1, 5.018683E-05, 5.023081E-05
 425752964, 0, 0.0003473825, 0.0003474561
 426145307, 1, 4.701555E-05, 4.705869E-05
 426265259, 0, 0.000341444, 0.000341512
 426647606, 1, 4.226475E-05, 4.230558E-05
 426775888, 0, 0.0003401029, 0.0003401679
 427153237, 1, 4.159451E-05, 4.163583E-05
 427288183, 0, 0.0003346468, 0.0003347072
 427663033, 1, 3.944961E-05, 3.949009E-05
 427800478, 0, 0.0003337916, 0.0003338494
 428167831, 1, 3.997166E-05, 4.00135E-05
 428310274, 0, 0.0003292009, 0.0003292551
 428670130, 1, 3.863832E-05, 3.867952E-05
 428820903, 0, 0.000324931, 0.0003249818
 429175761, 1, 3.958414E-05, 3.962695E-05
 429333198, 0, 0.0003246382, 0.000324687
 429678060, 1, 3.857913E-05, 3.862126E-05
 429845493, 0, 0.0003208458, 0.0003208916
 430180359, 1, 3.967735E-05, 3.972101E-05
 430357788, 0, 0.0003201454, 0.0003201902
 430692654, 1, 3.87445E-05, 3.878738E-05
 430858421, 0, 0.0003164847, 0.0003165271
 431203283, 1, 3.985432E-05, 3.989863E-05
 431370716, 0, 0.0003167716, 0.0003168128
 431713079, 1, 3.876874E-05, 3.881194E-05
 431883011, 0, 0.0003137218, 0.0003137609
 432215378, 1, 3.77275E-05, 3.776953E-05
 432392807, 0, 0.0003142376, 0.0003142755
 432717677, 1, 3.86126E-05, 3.865564E-05
 432905102, 0, 0.0003056227, 0.0003056576
 433223308, 1, 3.750499E-05, 3.754667E-05
 433415731, 0, 0.0002676465, 0.000267673
 433725607, 1, 3.841599E-05, 3.845739E-05
 433928026, 0, 0.0002303379, 0.0002303578
 434235403, 1, 3.74722E-05, 3.750794E-05
 434440321, 0, 0.0001692555, 0.0001692672
 434740201, 1, 3.845364E-05, 3.848617E-05
 434952616, 0, 0.00013714, 0.0001371482
 435245832, 1, 3.75682E-05, 3.759324E-05
 435463245, 0, 9.961514E-05, 9.962016E-05
 435748131, 1, 3.841878E-05, 3.843976E-05
 435975540, 0, 8.360158E-05, 8.360535E-05
 436250430, 1, 3.689187E-05, 3.690566E-05
 436487835, 0, 6.434935E-05, 6.435197E-05
 436752729, 1, 3.74089E-05, 3.741911E-05
 437000130, 0, 5.714998E-05, 5.715213E-05
 437258360, 1, 3.56103E-05, 3.561595E-05
 437510759, 0, 4.757681E-05, 4.757849E-05
 437763158, 1, 3.612716E-05, 3.61308E-05
 438023054, 0, 4.127923E-05, 4.128065E-05
 438272954, 1, 3.438153E-05, 3.438308E-05
 438535349, 0, 4.003958E-05, 4.004089E-05
 438775253, 1, 3.491236E-05, 3.49131E-05
 439047644, 0, 3.680165E-05, 3.680282E-05
 439280884, 1, 3.351382E-05, 3.351398E-05
 439558273, 0, 3.694877E-05, 3.694992E-05
 439783183, 1, 3.417578E-05, 3.417581E-05
 440070568, 0, 3.516498E-05, 3.516605E-05
 440285482, 1, 3.296593E-05, 3.296598E-05
 440580364, 0, 3.596564E-05, 3.596671E-05
 440795278, 1, 3.388596E-05, 3.388616E-05
 441092659, 0, 3.479995E-05, 3.4801E-05
 441305907, 1, 3.293152E-05, 3.293189E-05
 441603288, 0, 3.586768E-05, 3.586874E-05
 441818202, 1, 3.200769E-05, 3.200823E-05
 442115583, 0, 3.489761E-05, 3.489864E-05
 442320501, 1, 3.292597E-05, 3.292668E-05
 442627878, 0, 3.396649E-05, 3.396751E-05
 442822800, 1, 3.195284E-05, 3.195361E-05
 443140173, 0, 3.508341E-05, 3.508446E-05
 443325099, 1, 3.294972E-05, 3.295061E-05
 443653301, 0, 3.412225E-05, 3.412329E-05
 443830730, 1, 3.201195E-05, 3.201282E-05
 444165596, 0, 3.520412E-05, 3.520518E-05
 444335528, 1, 3.307503E-05, 3.307598E-05
 444675392, 0, 3.415476E-05, 3.415581E-05
 444845324, 1, 3.212339E-05, 3.212423E-05
 445187687, 0, 3.516995E-05, 3.517103E-05
 445347623, 1, 3.306198E-05, 3.306287E-05
 445698316, 0, 3.410755E-05, 3.410862E-05
 445853254, 1, 3.217645E-05, 3.217723E-05
 446210611, 0, 3.514103E-05, 3.514213E-05
 446355553, 1, 3.311774E-05, 3.311853E-05
 446722906, 0, 3.413291E-05, 3.413401E-05
 446857852, 1, 3.218103E-05, 3.218168E-05
 447235201, 0, 3.313969E-05, 3.314078E-05
 447367648, 1, 3.319656E-05, 3.319722E-05
 447745830, 0, 3.414994E-05, 3.415105E-05
 447878277, 1, 3.231388E-05, 3.231442E-05
 448258125, 0, 3.318313E-05, 3.318422E-05
 448390572, 1, 3.336995E-05, 3.337051E-05
 448770420, 0, 3.422604E-05, 3.422718E-05
 448892871, 1, 3.242626E-05, 3.242671E-05
 449282715, 0, 3.3272E-05, 3.327312E-05
 449395170, 1, 3.333788E-05, 3.333833E-05
 449793344, 0, 3.428772E-05, 3.428888E-05
 449900801, 1, 3.242225E-05, 3.242261E-05
